,Service,Type,Rating,Hires,Price,Zip Code
0,AKB Skylights,267,,,,82001
