,Service,Type,Rating,Hires,Price,Zip Code
0,Joe Kano (online lessons only),474,5,37,40,06103
1,OFF-C Music Academy,474,5,74,30,06103
2,Jacob Burton Studios,474,5,163,75,06103
3,"Upbeat Music Lessons - Guitar, Bass and more...",474,5,3,27,06103
4,Realize Studios / Realize Records,474,5,14,,06103
5,South Metro Guitar Lessons,474,5,6,30,06103
6,Jack Ramsey,474,5,2,40,06103
7,Jim Maguire Music,474,5,78,30,06103
8,Private Guitar Lessons,474,5,45,30,06103
9,Private Guitar Lessons for Adults & Children,474,5,12,35,06103
10,5 Star Tutoring - Ivy League Graduates,474,5,,,06103
11,Penny Lane Music Lessons (In-home/virtual lessons),474,5,40,35,06103
12,Clovis Guitar Lessons,474,5,2,49,06103
13,Stevie Matthews- Guitar Instructor,474,5,134,40,06103
14,Tim Fenton Music Lessons,474,5,,,06103
15,Jim Steed Music,474,5,59,,06103
16,Vocal Artist Coaching,474,5,16,100,06103
17,Moon Spirit Lessons,474,5,,30,06103
18,Aaron's Guitar Instruction,474,5,9,,06103
19,Sound Reason Music Studio,474,4.5,9,30,06103
20,"338 Music, LLC",474,5,13,40,06103
21,Josh Mundt,474,5,9,30,06103
22,Kenner Music,474,5,12,30,06103
23,PVD Guitar,474,5,68,40,06103
24,Classical Flamenco & Latin Guitar Lessons,474,5,13,40,06103
25,KP Guitar Lessons and Recording (Zoom),474,5,87,50,06103
26,Ross Sandlin,474,5,3,25,06103
27,Mike's Guitar Studio,474,5,22,35,06103
28,Stop-Go Recordings,474,5,2,30,06103
29,The Tuned In Academy,474,5,3,15,06103
